File# ACenX ACenY FCenX FCenY Time[MJD] Raw_Flux Bkg_Flux Res_Flux
65216256_0005_0000_1 73.21793651541304 211.4499091740852 73.11989634334685 211.70514762073918 58125.413874 18743.203932110693 -66.31025460493393 18809.514186715627
65216256_0006_0000_1 72.62278713243991 147.04356951388394 72.26332021131196 147.08192143072688 58125.4139944 18833.535159588242 -43.87659239560237 18877.411751983844
65216256_0007_0000_1 89.90526528370194 199.2442591386078 89.97240203534292 198.97577496194464 58125.414124 19297.891945540076 -8.741392549334392 19306.63333808941
65216256_0008_0000_1 191.47753408477644 108.38554094135317 191.0729572394419 108.22911041223304 58125.4142952 18685.675251206223 -31.765526038659644 18717.440777244883
65216256_0009_0000_1 106.76392689596271 122.87596109670993 106.85773418931632 122.98326941938123 58125.4144435 18923.10627097448 78.02311493014888 18845.083156044333
65216256_0015_0000_1 114.5535740756744 65.77368379112 114.60593090996177 65.96292728076907 58125.415499 18507.80273642029 -84.03010934934095 18591.83284576963
65216256_0017_0000_1 16.55593759045497 180.71357512216565 16.21326513044128 180.76197051023237 58125.4158461 18611.309467548163 -93.99534833861792 18705.30481588678
65216256_0018_0000_1 56.31646995631013 132.7222092289774 56.27493042701987 132.89113174451364 58125.4159758 18747.864755263574 82.03940948642797 18665.825345777146
65216256_0019_0000_1 159.74753851024326 146.28601293991872 159.6370125730472 146.03483942149208 58125.4161286 18208.650376254067 38.83567391707213 18169.814702336997
65216256_0025_0000_1 246.41939266336524 211.88446651837523 246.20036653312377 212.04397324972382 58125.4171425 19722.539916226116 -74.94174954765656 19797.481665773772
65216256_0026_0000_1 149.42789933083483 236.84493508275065 149.3970037745836 236.9220976027194 58125.4172999 18538.59660071947 -190.71418841013653 18729.310789129606
65216256_0027_0000_1 118.06028547147392 224.435948796859 118.13806260521119 224.4413807687126 58125.4174155 18363.87266090606 37.988575431590945 18325.88408547447
65216256_0028_0000_1 131.22619234343745 113.77987420147635 131.1539062367779 114.01860123940507 58125.4175684 18979.260782409332 40.58080092711527 18938.679981482215
65216256_0029_0000_1 221.78058855636235 178.86411839606376 221.96396727955562 179.0599940163319 58125.4177351 18617.95676881663 -145.20419396252052 18763.16096277915
65216256_0036_0000_1 219.4112827656153 123.78408887392146 219.25831126560354 123.90266008767244 58125.4189062 18616.998558901003 -68.29938061021957 18685.297939511223
65216256_0039_0000_1 203.54017402741232 124.18157708942223 203.8889239987024 124.06522740441915 58125.4194387 18809.428330177 -142.65638212259796 18952.0847122996
65216256_0045_0000_1 45.19675493954324 105.27688016047223 45.15157401818407 105.11218649732578 58125.4203924 19265.77395645477 24.91923212730662 19240.854724327462
65216256_0048_0000_1 110.89066860627491 96.49471470745782 111.17186210752607 96.53214909205872 58125.4208554 18449.765887007066 72.09631181788647 18377.66957518918
65216256_0049_0000_1 41.639450204952965 21.289839550026986 41.328482523829 21.103506070102412 58125.4210174 18875.17293057297 -15.069798312886324 18890.242728885856
